IYEAR,IMONTH,IDAY,AVG_DAILY_TEMP_F,DATE,COLD_F,HOT_F,INDEX,CUMM_COLD_F,CUMM_HOT_F
2022,7,1,60.0,2022-07-01,0.0,28.0,0,0.0,28.0
2022,7,2,57.0,2022-07-02,0.0,25.0,1,0.0,53.0
2022,7,3,60.0,2022-07-03,0.0,28.0,2,0.0,81.0
2022,7,4,61.0,2022-07-04,0.0,29.0,3,0.0,110.0
2022,7,5,64.0,2022-07-05,0.0,32.0,4,0.0,142.0
2022,7,6,63.0,2022-07-06,0.0,31.0,5,0.0,173.0
2022,7,7,65.0,2022-07-07,0.0,33.0,6,0.0,206.0
2022,7,8,67.0,2022-07-08,0.0,35.0,7,0.0,241.0
2022,7,9,64.0,2022-07-09,0.0,32.0,8,0.0,273.0
2022,7,10,71.0,2022-07-10,0.0,39.0,9,0.0,312.0
2022,7,11,67.0,2022-07-11,0.0,35.0,10,0.0,347.0
2022,7,12,62.0,2022-07-12,0.0,30.0,11,0.0,377.0
2022,7,13,62.0,2022-07-13,0.0,30.0,12,0.0,407.0
2022,7,14,61.0,2022-07-14,0.0,29.0,13,0.0,436.0
2022,7,15,69.0,2022-07-15,0.0,37.0,14,0.0,473.0
2022,7,16,70.0,2022-07-16,0.0,38.0,15,0.0,511.0
2022,7,17,74.0,2022-07-17,0.0,42.0,16,0.0,553.0
2022,7,18,74.0,2022-07-18,0.0,42.0,17,0.0,595.0
2022,7,19,76.0,2022-07-19,0.0,44.0,18,0.0,639.0
2022,7,20,67.0,2022-07-20,0.0,35.0,19,0.0,674.0
2022,7,21,70.0,2022-07-21,0.0,38.0,20,0.0,712.0
2022,7,22,70.0,2022-07-22,0.0,38.0,21,0.0,750.0
2022,7,23,65.0,2022-07-23,0.0,33.0,22,0.0,783.0
2022,7,24,60.0,2022-07-24,0.0,28.0,23,0.0,811.0
2022,7,25,60.0,2022-07-25,0.0,28.0,24,0.0,839.0
2022,7,26,59.0,2022-07-26,0.0,27.0,25,0.0,866.0
2022,7,27,62.0,2022-07-27,0.0,30.0,26,0.0,896.0
2022,7,28,59.0,2022-07-28,0.0,27.0,27,0.0,923.0
2022,7,29,60.0,2022-07-29,0.0,28.0,28,0.0,951.0
2022,7,30,66.0,2022-07-30,0.0,34.0,29,0.0,985.0
2022,7,31,72.0,2022-07-31,0.0,40.0,30,0.0,1025.0
2022,8,1,64.0,2022-08-01,0.0,32.0,31,0.0,1057.0
2022,8,2,65.0,2022-08-02,0.0,33.0,32,0.0,1090.0
2022,8,3,67.0,2022-08-03,0.0,35.0,33,0.0,1125.0
2022,8,4,62.0,2022-08-04,0.0,30.0,34,0.0,1155.0
2022,8,5,71.0,2022-08-05,0.0,39.0,35,0.0,1194.0
2022,8,6,70.0,2022-08-06,0.0,38.0,36,0.0,1232.0
2022,8,7,62.0,2022-08-07,0.0,30.0,37,0.0,1262.0
2022,8,8,60.0,2022-08-08,0.0,28.0,38,0.0,1290.0
2022,8,9,67.0,2022-08-09,0.0,35.0,39,0.0,1325.0
2022,8,10,66.0,2022-08-10,0.0,34.0,40,0.0,1359.0
2022,8,11,84.0,2022-08-11,0.0,52.0,41,0.0,1411.0
2022,8,12,59.0,2022-08-12,0.0,27.0,42,0.0,1438.0
2022,8,13,63.0,2022-08-13,0.0,31.0,43,0.0,1469.0
2022,8,14,63.0,2022-08-14,0.0,31.0,44,0.0,1500.0
2022,8,15,63.0,2022-08-15,0.0,31.0,45,0.0,1531.0
2022,8,16,62.0,2022-08-16,0.0,30.0,46,0.0,1561.0
2022,8,17,67.0,2022-08-17,0.0,35.0,47,0.0,1596.0
2022,8,18,67.0,2022-08-18,0.0,35.0,48,0.0,1631.0
2022,8,19,64.0,2022-08-19,0.0,32.0,49,0.0,1663.0
2022,8,20,65.0,2022-08-20,0.0,33.0,50,0.0,1696.0
2022,8,21,62.0,2022-08-21,0.0,30.0,51,0.0,1726.0
2022,8,22,64.0,2022-08-22,0.0,32.0,52,0.0,1758.0
2022,8,23,66.0,2022-08-23,0.0,34.0,53,0.0,1792.0
2022,8,24,63.0,2022-08-24,0.0,31.0,54,0.0,1823.0
2022,8,25,60.0,2022-08-25,0.0,28.0,55,0.0,1851.0
2022,8,26,62.0,2022-08-26,0.0,30.0,56,0.0,1881.0
2022,8,27,65.0,2022-08-27,0.0,33.0,57,0.0,1914.0
2022,8,28,70.0,2022-08-28,0.0,38.0,58,0.0,1952.0
2022,8,29,65.0,2022-08-29,0.0,33.0,59,0.0,1985.0
2022,8,30,63.0,2022-08-30,0.0,31.0,60,0.0,2016.0
2022,8,31,64.0,2022-08-31,0.0,32.0,61,0.0,2048.0
2022,9,1,70.0,2022-09-01,0.0,38.0,62,0.0,2086.0
2022,9,2,72.0,2022-09-02,0.0,40.0,63,0.0,2126.0
2022,9,3,57.0,2022-09-03,0.0,25.0,64,0.0,2151.0
2022,9,4,53.0,2022-09-04,0.0,21.0,65,0.0,2172.0
2022,9,5,54.0,2022-09-05,0.0,22.0,66,0.0,2194.0
2022,9,6,60.0,2022-09-06,0.0,28.0,67,0.0,2222.0
2022,9,7,64.0,2022-09-07,0.0,32.0,68,0.0,2254.0
2022,9,8,68.0,2022-09-08,0.0,36.0,69,0.0,2290.0
2022,9,9,62.0,2022-09-09,0.0,30.0,70,0.0,2320.0
2022,9,10,57.0,2022-09-10,0.0,25.0,71,0.0,2345.0
2022,9,11,51.0,2022-09-11,0.0,19.0,72,0.0,2364.0
2022,9,12,54.0,2022-09-12,0.0,22.0,73,0.0,2386.0
2022,9,13,56.0,2022-09-13,0.0,24.0,74,0.0,2410.0
2022,9,14,52.0,2022-09-14,0.0,20.0,75,0.0,2430.0
2022,9,15,56.0,2022-09-15,0.0,24.0,76,0.0,2454.0
2022,9,16,57.0,2022-09-16,0.0,25.0,77,0.0,2479.0
2022,9,17,62.0,2022-09-17,0.0,30.0,78,0.0,2509.0
2022,9,18,61.0,2022-09-18,0.0,29.0,79,0.0,2538.0
2022,9,19,62.0,2022-09-19,0.0,30.0,80,0.0,2568.0
2022,9,20,66.0,2022-09-20,0.0,34.0,81,0.0,2602.0
2022,9,21,54.0,2022-09-21,0.0,22.0,82,0.0,2624.0
2022,9,22,46.0,2022-09-22,0.0,14.0,83,0.0,2638.0
2022,9,23,45.0,2022-09-23,0.0,13.0,84,0.0,2651.0
2022,9,24,50.0,2022-09-24,0.0,18.0,85,0.0,2669.0
2022,9,25,53.0,2022-09-25,0.0,21.0,86,0.0,2690.0
2022,9,26,48.0,2022-09-26,0.0,16.0,87,0.0,2706.0
2022,9,27,41.0,2022-09-27,0.0,9.0,88,0.0,2715.0
2022,9,28,38.0,2022-09-28,0.0,6.0,89,0.0,2721.0
2022,9,29,48.0,2022-09-29,0.0,16.0,90,0.0,2737.0
2022,9,30,53.0,2022-09-30,0.0,21.0,91,0.0,2758.0
2022,10,1,51.0,2022-10-01,0.0,19.0,92,0.0,2777.0
2022,10,2,53.0,2022-10-02,0.0,21.0,93,0.0,2798.0
2022,10,3,60.0,2022-10-03,0.0,28.0,94,0.0,2826.0
2022,10,4,61.0,2022-10-04,0.0,29.0,95,0.0,2855.0
2022,10,5,60.0,2022-10-05,0.0,28.0,96,0.0,2883.0
2022,10,6,44.0,2022-10-06,0.0,12.0,97,0.0,2895.0
2022,10,7,35.0,2022-10-07,0.0,3.0,98,0.0,2898.0
2022,10,8,42.0,2022-10-08,0.0,10.0,99,0.0,2908.0
2022,10,9,39.0,2022-10-09,0.0,7.0,100,0.0,2915.0
2022,10,10,39.0,2022-10-10,0.0,7.0,101,0.0,2922.0
2022,10,11,58.0,2022-10-11,0.0,26.0,102,0.0,2948.0
2022,10,12,50.0,2022-10-12,0.0,18.0,103,0.0,2966.0
2022,10,13,36.0,2022-10-13,0.0,4.0,104,0.0,2970.0
2022,10,14,33.0,2022-10-14,0.0,1.0,105,0.0,2971.0
2022,10,15,33.0,2022-10-15,0.0,1.0,106,0.0,2972.0
2022,10,16,36.0,2022-10-16,0.0,4.0,107,0.0,2976.0
2022,10,17,27.0,2022-10-17,5.0,0.0,108,5.0,2976.0
2022,10,18,27.0,2022-10-18,5.0,0.0,109,10.0,2976.0
2022,10,19,32.0,2022-10-19,0.0,0.0,110,10.0,2976.0
2022,10,20,36.0,2022-10-20,0.0,4.0,111,10.0,2980.0
2022,10,21,51.0,2022-10-21,0.0,19.0,112,10.0,2999.0
2022,10,22,48.0,2022-10-22,0.0,16.0,113,10.0,3015.0
2022,10,23,52.0,2022-10-23,0.0,20.0,114,10.0,3035.0
2022,10,24,61.0,2022-10-24,0.0,29.0,115,10.0,3064.0
2022,10,25,41.0,2022-10-25,0.0,9.0,116,10.0,3073.0
2022,10,26,34.0,2022-10-26,0.0,2.0,117,10.0,3075.0
2022,10,27,32.0,2022-10-27,0.0,0.0,118,10.0,3075.0
2022,10,28,49.0,2022-10-28,0.0,17.0,119,10.0,3092.0
2022,10,29,52.0,2022-10-29,0.0,20.0,120,10.0,3112.0
2022,10,30,49.0,2022-10-30,0.0,17.0,121,10.0,3129.0
2022,10,31,37.0,2022-10-31,0.0,5.0,122,10.0,3134.0
2022,11,1,46.0,2022-11-01,0.0,14.0,123,10.0,3148.0
2022,11,2,54.0,2022-11-02,0.0,22.0,124,10.0,3170.0
2022,11,3,60.0,2022-11-03,0.0,28.0,125,10.0,3198.0
2022,11,4,37.0,2022-11-04,0.0,5.0,126,10.0,3203.0
2022,11,5,27.0,2022-11-05,5.0,0.0,127,15.0,3203.0
2022,11,6,34.0,2022-11-06,0.0,2.0,128,15.0,3205.0
2022,11,7,32.0,2022-11-07,0.0,0.0,129,15.0,3205.0
2022,11,8,34.0,2022-11-08,0.0,2.0,130,15.0,3207.0
2022,11,9,41.0,2022-11-09,0.0,9.0,131,15.0,3216.0
2022,11,10,35.0,2022-11-10,0.0,3.0,132,15.0,3219.0
2022,11,11,28.0,2022-11-11,4.0,0.0,133,19.0,3219.0
2022,11,12,21.0,2022-11-12,11.0,0.0,134,30.0,3219.0
2022,11,13,20.0,2022-11-13,12.0,0.0,135,42.0,3219.0
2022,11,14,21.0,2022-11-14,11.0,0.0,136,53.0,3219.0
2022,11,15,26.0,2022-11-15,6.0,0.0,137,59.0,3219.0
2022,11,16,26.0,2022-11-16,6.0,0.0,138,65.0,3219.0
2022,11,17,21.0,2022-11-17,11.0,0.0,139,76.0,3219.0
2022,11,18,17.0,2022-11-18,15.0,0.0,140,91.0,3219.0
2022,11,19,11.0,2022-11-19,21.0,0.0,141,112.0,3219.0
2022,11,20,11.0,2022-11-20,21.0,0.0,142,133.0,3219.0
2022,11,21,21.0,2022-11-21,11.0,0.0,143,144.0,3219.0
2022,11,22,22.0,2022-11-22,10.0,0.0,144,154.0,3219.0
2022,11,23,22.0,2022-11-23,10.0,0.0,145,164.0,3219.0
2022,11,24,31.0,2022-11-24,1.0,0.0,146,165.0,3219.0
2022,11,25,29.0,2022-11-25,3.0,0.0,147,168.0,3219.0
2022,11,26,39.0,2022-11-26,0.0,7.0,148,168.0,3226.0
2022,11,27,30.0,2022-11-27,2.0,0.0,149,170.0,3226.0
2022,11,28,28.0,2022-11-28,4.0,0.0,150,174.0,3226.0
2022,11,29,27.0,2022-11-29,5.0,0.0,151,179.0,3226.0
2022,11,30,16.0,2022-11-30,16.0,0.0,152,195.0,3226.0
2022,12,1,13.0,2022-12-01,19.0,0.0,153,214.0,3226.0
2022,12,2,27.0,2022-12-02,5.0,0.0,154,219.0,3226.0
2022,12,3,7.0,2022-12-03,25.0,0.0,155,244.0,3226.0
2022,12,4,8.0,2022-12-04,24.0,0.0,156,268.0,3226.0
2022,12,5,19.0,2022-12-05,13.0,0.0,157,281.0,3226.0
2022,12,6,1.0,2022-12-06,31.0,0.0,158,312.0,3226.0
2022,12,7,1.0,2022-12-07,31.0,0.0,159,343.0,3226.0
2022,12,8,108.0,2022-12-08,0.0,76.0,160,343.0,3302.0
2022,12,9,15.0,2022-12-09,17.0,0.0,161,360.0,3302.0
2022,12,10,28.0,2022-12-10,4.0,0.0,162,364.0,3302.0
2022,12,11,28.0,2022-12-11,4.0,0.0,163,368.0,3302.0
2022,12,12,29.0,2022-12-12,3.0,0.0,164,371.0,3302.0
2022,12,13,29.0,2022-12-13,3.0,0.0,165,374.0,3302.0
2022,12,14,31.0,2022-12-14,1.0,0.0,166,375.0,3302.0
2022,12,15,31.0,2022-12-15,1.0,0.0,167,376.0,3302.0
2022,12,16,29.0,2022-12-16,3.0,0.0,168,379.0,3302.0
2022,12,17,26.0,2022-12-17,6.0,0.0,169,385.0,3302.0
2022,12,18,7.0,2022-12-18,25.0,0.0,170,410.0,3302.0
2022,12,19,-1.0,2022-12-19,33.0,0.0,171,443.0,3302.0
2022,12,20,1.0,2022-12-20,31.0,0.0,172,474.0,3302.0
2022,12,21,-17.0,2022-12-21,49.0,0.0,173,523.0,3302.0
2022,12,22,-8.0,2022-12-22,40.0,0.0,174,563.0,3302.0
2022,12,23,-8.0,2022-12-23,40.0,0.0,175,603.0,3302.0
2022,12,24,-1.0,2022-12-24,33.0,0.0,176,636.0,3302.0
2022,12,25,-5.0,2022-12-25,37.0,0.0,177,673.0,3302.0
2022,12,26,-0.0,2022-12-26,32.0,0.0,178,705.0,3302.0
2022,12,27,11.0,2022-12-27,21.0,0.0,179,726.0,3302.0
2022,12,28,22.0,2022-12-28,10.0,0.0,180,736.0,3302.0
2022,12,29,26.0,2022-12-29,6.0,0.0,181,742.0,3302.0
2022,12,30,21.0,2022-12-30,11.0,0.0,182,753.0,3302.0
2022,12,31,14.0,2022-12-31,18.0,0.0,183,771.0,3302.0
2023,1,1,27.0,2023-01-01,5.0,0.0,184,776.0,3302.0
2023,1,2,21.0,2023-01-02,11.0,0.0,185,787.0,3302.0
2023,1,3,15.0,2023-01-03,17.0,0.0,186,804.0,3302.0
2023,1,4,17.0,2023-01-04,15.0,0.0,187,819.0,3302.0
2023,1,5,9.0,2023-01-05,23.0,0.0,188,842.0,3302.0
2023,1,6,52.0,2023-01-06,0.0,20.0,189,842.0,3322.0
2023,1,7,6.0,2023-01-07,26.0,0.0,190,868.0,3322.0
2023,1,8,19.0,2023-01-08,13.0,0.0,191,881.0,3322.0
2023,1,9,13.0,2023-01-09,19.0,0.0,192,900.0,3322.0
2023,1,10,27.0,2023-01-10,5.0,0.0,193,905.0,3322.0
2023,1,11,29.0,2023-01-11,3.0,0.0,194,908.0,3322.0
2023,1,12,24.0,2023-01-12,8.0,0.0,195,916.0,3322.0
2023,1,13,12.0,2023-01-13,20.0,0.0,196,936.0,3322.0
2023,1,14,18.0,2023-01-14,14.0,0.0,197,950.0,3322.0
2023,1,15,28.0,2023-01-15,4.0,0.0,198,954.0,3322.0
2023,1,16,30.0,2023-01-16,2.0,0.0,199,956.0,3322.0
2023,1,17,30.0,2023-01-17,2.0,0.0,200,958.0,3322.0
2023,1,18,20.0,2023-01-18,12.0,0.0,201,970.0,3322.0
2023,1,19,20.0,2023-01-19,12.0,0.0,202,982.0,3322.0
2023,1,20,14.0,2023-01-20,18.0,0.0,203,1000.0,3322.0
2023,1,22,20.0,2023-01-22,12.0,0.0,204,1012.0,3322.0
2023,1,23,17.0,2023-01-23,15.0,0.0,205,1027.0,3322.0
2023,1,24,22.0,2023-01-24,10.0,0.0,206,1037.0,3322.0
2023,1,25,19.0,2023-01-25,13.0,0.0,207,1050.0,3322.0
2023,1,26,6.0,2023-01-26,26.0,0.0,208,1076.0,3322.0
2023,2,1,269.0,2023-02-01,0.0,237.0,209,1076.0,3559.0
2023,2,2,-2.0,2023-02-02,34.0,0.0,210,1110.0,3559.0
2023,2,3,-17.0,2023-02-03,49.0,0.0,211,1159.0,3559.0
2023,2,4,4.0,2023-02-04,28.0,0.0,212,1187.0,3559.0
2023,2,5,12.0,2023-02-05,20.0,0.0,213,1207.0,3559.0
2023,2,6,13.0,2023-02-06,19.0,0.0,214,1226.0,3559.0
2023,2,7,28.0,2023-02-07,4.0,0.0,215,1230.0,3559.0
2023,2,8,29.0,2023-02-08,3.0,0.0,216,1233.0,3559.0
2023,2,9,29.0,2023-02-09,3.0,0.0,217,1236.0,3559.0
2023,2,10,11.0,2023-02-10,21.0,0.0,218,1257.0,3559.0
2023,2,11,29.0,2023-02-11,3.0,0.0,219,1260.0,3559.0
2023,2,12,34.0,2023-02-12,0.0,2.0,220,1260.0,3561.0
2023,2,13,31.0,2023-02-13,1.0,0.0,221,1261.0,3561.0
2023,2,14,35.0,2023-02-14,0.0,3.0,222,1261.0,3564.0
2023,2,15,25.0,2023-02-15,7.0,0.0,223,1268.0,3564.0
2023,2,16,6.0,2023-02-16,26.0,0.0,224,1294.0,3564.0
2023,2,17,0.0,2023-02-17,32.0,0.0,225,1326.0,3564.0
2023,2,18,23.0,2023-02-18,9.0,0.0,226,1335.0,3564.0
2023,2,19,26.0,2023-02-19,6.0,0.0,227,1341.0,3564.0
2023,2,20,6.0,2023-02-20,26.0,0.0,228,1367.0,3564.0
2023,2,21,6.0,2023-02-21,26.0,0.0,229,1393.0,3564.0
2023,2,22,-5.0,2023-02-22,37.0,0.0,230,1430.0,3564.0
2023,2,23,0.0,2023-02-23,32.0,0.0,231,1462.0,3564.0
2023,2,24,-5.0,2023-02-24,37.0,0.0,232,1499.0,3564.0
2023,2,25,7.0,2023-02-25,25.0,0.0,233,1524.0,3564.0
2023,2,26,7.0,2023-02-26,25.0,0.0,234,1549.0,3564.0
2023,2,27,21.0,2023-02-27,11.0,0.0,235,1560.0,3564.0
2023,2,28,23.0,2023-02-28,9.0,0.0,236,1569.0,3564.0
2023,3,1,16.0,2023-03-01,16.0,0.0,237,1585.0,3564.0
2023,3,2,9.0,2023-03-02,23.0,0.0,238,1608.0,3564.0
2023,3,3,26.0,2023-03-03,6.0,0.0,239,1614.0,3564.0
2023,3,4,25.0,2023-03-04,7.0,0.0,240,1621.0,3564.0
2023,3,5,21.0,2023-03-05,11.0,0.0,241,1632.0,3564.0
2023,3,6,29.0,2023-03-06,3.0,0.0,242,1635.0,3564.0
2023,3,7,23.0,2023-03-07,9.0,0.0,243,1644.0,3564.0
2023,3,8,29.0,2023-03-08,3.0,0.0,244,1647.0,3564.0
2023,3,9,28.0,2023-03-09,4.0,0.0,245,1651.0,3564.0
2023,3,10,24.0,2023-03-10,8.0,0.0,246,1659.0,3564.0
2023,3,11,16.0,2023-03-11,16.0,0.0,247,1675.0,3564.0
2023,3,12,19.0,2023-03-12,13.0,0.0,248,1688.0,3564.0
2023,3,13,15.0,2023-03-13,17.0,0.0,249,1705.0,3564.0
2023,3,14,35.0,2023-03-14,0.0,3.0,250,1705.0,3567.0
2023,3,15,29.0,2023-03-15,3.0,0.0,251,1708.0,3567.0
2023,3,16,32.0,2023-03-16,0.0,0.0,252,1708.0,3567.0
2023,3,17,14.0,2023-03-17,18.0,0.0,253,1726.0,3567.0
2023,3,18,12.0,2023-03-18,20.0,0.0,254,1746.0,3567.0
2023,3,19,20.0,2023-03-19,12.0,0.0,255,1758.0,3567.0
2023,3,20,19.0,2023-03-20,13.0,0.0,256,1771.0,3567.0
2023,3,21,12.0,2023-03-21,20.0,0.0,257,1791.0,3567.0
2023,3,22,27.0,2023-03-22,5.0,0.0,258,1796.0,3567.0
2023,3,23,24.0,2023-03-23,8.0,0.0,259,1804.0,3567.0
2023,3,24,21.0,2023-03-24,11.0,0.0,260,1815.0,3567.0
2023,3,25,24.0,2023-03-25,8.0,0.0,261,1823.0,3567.0
2023,3,26,30.0,2023-03-26,2.0,0.0,262,1825.0,3567.0
2023,3,27,24.0,2023-03-27,8.0,0.0,263,1833.0,3567.0
2023,3,28,15.0,2023-03-28,17.0,0.0,264,1850.0,3567.0
2023,3,29,11.0,2023-03-29,21.0,0.0,265,1871.0,3567.0
2023,3,30,13.0,2023-03-30,19.0,0.0,266,1890.0,3567.0
